l  : 0  1  2  3  4  5  6  7  8  9 10 11 12 13 14 15 16 17 18 19 20 21 22 23
0.0: 0  1  0  0  0  1  1  0  0  0  0  1  0  0  0  0  0  0  0  0  0  0  0  0
     _       _     _   _       _     _   _       _     _   _       _     _
    |_ S-box:_0.156_| |_ S-box:_0.188_| |_ S-box:_0.500_| |_ S-box:_0.500_|   Bias:  0.0586
0.1: 0  0  0  0  0  1  0  1  0  0  0  0  0  0  0  0  0  0  0  0  0  0  0  0
     _______________________________      ________________________________
    |_______________________________ Perm ________________________________|
1.0: 0  0  0  0  0  0  0  0  0  0  0  0  0  0  0  0  0  0  0  1  0  0  0  1
     _       _     _   _       _     _   _       _     _   _       _     _
    |_ S-box:_0.500_| |_ S-box:_0.500_| |_ S-box:_0.500_| |_ S-box:_0.188_|   Bias:  0.1875
1.1: 0  0  0  0  0  0  0  0  0  0  0  0  0  0  0  0  0  0  1  0  0  0  0  1
     _______________________________      ________________________________
    |_______________________________ Perm ________________________________|
2.0: 0  0  0  0  1  0  1  0  0  0  0  0  0  0  0  0  0  0  0  0  0  0  0  0
     _       _     _   _       _     _   _       _     _   _       _     _
    |_ S-box:_0.000_| |_ S-box:_0.000_| |_ S-box:_0.500_| |_ S-box:_0.500_|   Bias:  0.0000
2.1: 0  0  0  0  0  0  0  0  0  0  0  0  0  0  0  0  0  0  0  0  0  0  0  0
l  : 0  1  2  3  4  5  6  7  8  9 10 11 12 13 14 15 16 17 18 19 20 21 22 23
Bias:  0.02197